%YAML:1.0
---
camera_matrix: !!opencv-matrix
   rows: 3
   cols: 3
   dt: d
   data: [ 3.4765457022919236e+01, 0., 1.8756459494417399e+02, 0.,
       3.5989027439058624e+01, 1.2539615848182274e+02, 0., 0., 1. ]
distortion_coefficients: !!opencv-matrix
   rows: 1
   cols: 5
   dt: d
   data: [ -1.7863770392476078e-03, 2.6465551186238817e-04,
       1.7080723207544537e-03, 1.7581697976865140e-03,
       -1.0361291524269569e-05 ]
